14.13472514173469379046
21.02203963877155499263
25.01085758014568876321
30.42487612585951321031
32.93506158773918969066
37.58617815882567125722
40.9187190121474951874
43.3270732809149995195
48.00515088116715972794
49.77383247767230218192
52.97032147771446064415
56.44624769706339480437
59.34704400260235307965
60.83177852460980984426
65.11254404808160666088
67.07981052949417371448
69.54640171117397925293
72.06715767448190758252
75.70469069908393316833
77.14484006887480537268
79.33737502024936792276
82.91038085408603018316
84.73549298051705010574
87.42527461312522940653
88.80911120763446542368
92.49189927055848429626
94.6513440405198869666
95.87063422824530975874
98.83119421819369223332
101.3178510057313912288
103.7255380404783394164
105.4466230523260944937
107.1686111842764075151
111.0295355431696745247
111.8746591769926370856
114.3202209154527127659
116.2266803208575543822
118.790782865976217323
121.3701250024206459189
122.9468292935525882008
124.2568185543457671847
127.5166838795964951243
129.5787041999560509858
131.0876885309326567236
133.4977372029975864501
134.7565097533738713313
138.1160420545334432002
139.7362089521213889505
141.1237074040211237619
143.1118458076206327394
146.0009824867655185474
147.4227653425596020495
150.0535204207848803514
150.9252576122414667619
153.0246938111988961983
156.1129092942378675698
157.5975918175940598875
158.8499881714204987242
161.1889641375960275194
163.0307096871819872433
165.53706918790041883
167.184439978174513441
169.0945154155688214895
169.9119764794116989667
173.4115365195915529598
174.7541915233657258134
176.4414342977104188889
178.3774077760999772858
179.9164840202569961393
182.2070784843664619154
184.874467848387508801
185.5987836777074714665
187.2289225835018519916
189.4161586560169370849
192.0266563607137865473
193.0797266038457040474
195.2653966795292353215
196.8764818409583169486
198.0153096762519124249
201.264751943703788733
202.4935945141405342777
204.1896718031045543307
205.3946972021632860252
207.9062588878062098615
209.5765097168562598528
211.6908625953653075639
213.3479193597126661906
214.5470447834914232229
216.1695385082637002659
219.0675963490213789857
220.7149188393140033691
221.4307055546933387321
224.0070002546043352117
224.9833246695822875038
227.4214442796792913105
229.3374133055253481078
231.2501887004991647738
231.9872352531802486038
233.6934041789083006407
236.5242296658162058025
237.7698204809252040032
239.5554775733276287403
241.0491577962165864128
242.8232719342226000168
244.0708984970781582368
247.1369900748974994676
248.1019900601484592568
249.5736896447072091923
251.014947795016001143
253.0699867479994771946
255.3062564549140227531
256.3807136944344777894
258.610439491531368209
259.8744069896780003507
260.8050845045968701859
263.5738939048701322331
265.5578518388763202925
266.6149737815010724957
267.9219150828240594404
269.9704490239976025947
271.4940556416449990182
273.4596091884032870457
275.5874926493438412487
276.4520495031329386799
278.2507435298419544927
279.2292509277451892284
282.465114765052096233
283.2111857332338674205
284.8359639809047241332
286.6674453630028842928
287.9119205014221871553
289.5798549292188341527
291.8462913290673958355
293.5584341393562853568
294.9653696192655421751
295.5732548789582923885
297.9792770619434152099
299.84032605372131296
301.6493254621941836235
302.6967495896069170518
304.8643713408572977001
305.7289126020368092892
307.2194961281700547894
310.1094631467018988048
311.1651415303560032709
312.4278011806008919805
313.985285731158922979
315.4756160894757338686
317.7348059423701803956
318.8531042563165979067
321.1601343091135782919
322.1445586724829322988
323.4669695575120505062
324.862866051739613265
327.4439012619054573435
329.0330716804809340336
329.9532397282338663439
331.4744675826634243757
333.645378524869850585
334.2113548332443832324
336.8418504283906847947
338.3399928508066118863
339.8582167253635401923
341.0422611110465604826
342.0548775103635854514
344.6617029402523370442
346.3478705660099473959
347.2726775844204844758
349.3162608706961441232
350.4084193491920991877
351.8786490253592804367
353.4889004887188067836
356.017574977264947318
357.1513022520396248096
357.9526851016322737551
359.7437549531144487993
361.2893616958046503903
363.3313305789738347473
364.7360241140889937163
366.2127102883313168611
367.9935754817403033262
368.9684380957343898916
370.0509192121060003397
373.0619283721128384491
373.8648739109085697448
375.8259127667393341079
376.3240922306680521172
378.4366802499654797241
379.872975346532346651
381.4844686171865249197
383.4435294495364877043
384.9561168148636871038
385.8613008459742291806
387.2228902223879809759
388.8461283542322546008
391.4560835636380457706
392.245083339519096749
393.4277438444340259367
395.5828700109937209709
396.381854222592186932
397.918736209614243387
399.9851198761948995059
401.8392286005332165399
402.8619177638861141763
404.2364418002080047402
405.1343874599099272575
407.5814603868961820763
408.9472455023511125196
410.5138691933666386468
411.9722678042787506646
413.2627360701850468863
415.0188097551551156463
415.4552149962945988571
418.387705789534779226
419.8613648181523236879
420.643827625041786268
422.0767100588267596298
423.7165796274818186106
425.0698824944613476144
427.2088250840745805281
428.1279140766166821103
430.3287454309386366699
431.3013069307035920195
432.1386417345885683063
433.8892184809272253029
436.1610064326469840718
437.581698167668581154
438.6217386562721962909
439.9184422143706564102
441.6831992011890238742
442.9045463026094494697
444.3193362775591559203
446.8606226964295225289
447.4417041944932900655
449.148545685023304753
450.12694578031352403
451.4033084453887954621
453.9867378066779160384
454.9746837686167888753
456.3284266892460512245
457.9038930641029715747
459.513415281106011754
460.0879444221758412553
462.0653672748825309638
464.0572869105482845762
465.671539211371094553
466.5702869308262551674
467.4390462102616388566
469.5360045591120321918
470.7736554781016476901
472.7991746619088166583
473.8352323451396870738
475.6003393693757856054
476.7690152374845208528
478.0752637666709691999
478.9421815346348265383
481.8303393762865613667
482.8347827909823973066
483.8514272124825375602
485.53914812935600693
486.5287182616512443524
488.3805670900174485271
489.6617615779561315128
491.3988215936630065692
493.3144415817853009364
493.9579978053694649096
495.3588288221312774968
496.4296962157591034839
498.5807824296865420167
500.3090849416904955393
501.6044469651454776633
502.2762703271182331754
504.4997733134277371838
505.4152317422444420296
506.4641527095235312215
508.8007003364678208095
510.2642279436728344208
511.5622897003745954605
512.6231445314074186671
513.6689855554736834362
515.4350571672993772497
517.5896685724674253414
518.2342231475501435739
520.1063104117232559032
521.5251934494920409677
522.4566961777302104301
523.960530892015840487
525.0773856872796221806
527.9036416012723452296
528.4062138522926589416
529.8062263187069007982
530.8669178839610896444
532.6881830282937305051
533.7796307537687325655
535.664314075873224617
537.0697590831223275884
538.4285261762479628435
540.2131663762281333836
540.6313902472951173601
541.8474371212012815471
544.3238901010052629031
545.6368332489348182549
547.0109120581222924637
547.9316133644893383105
549.49756756266137846
550.9700100394838890457
552.0495722005648927926
553.7649721191588146171
555.7920205616825084166
556.899476406855351262
557.5646591720585284085
559.3162370286821637609
560.2408074972956682418
562.5592076160458511081
564.1608791107861178139
564.5060559381498351222
566.6987876828079562415
567.7317579011769374503
568.9239551796293684968
570.0511147824635920385
572.4199841324527640453
573.6146105267581299872
575.0938860144948856075
575.8072471409287807094
577.0390034720982112166
579.0988346720366074313
580.1369593623846286727
581.9465762659016255515
583.236088219167278262
584.5617059034655283669
585.9845632049883005742
586.7427718912501556448
588.1396632662479564176
590.660397516765275631
591.7258580650480566492
592.5713583002255698208
593.9747146822310292438
595.728153697388949177
596.3627683283936840896
598.4930773461647544011
599.5456403643648539975
601.6021367359326360517
602.5791678863873542988
603.6256189035791606722
604.6162184937532329146
606.3834604221090410887
608.4132173111873251751
609.3895751547200805273
610.8391629377394069267
611.7742096208872046352
613.5997786756371194052
614.6462378722326215256
615.5385633694070278535
618.1128313664423733825
619.184482597953634249
620.2728936722275219191
621.7092945279486229573
622.3750027397790092179
624.2699000181778808348
626.0192834276543821983
627.268396850783020752
628.3258623594603619359
630.4738874382920458706
630.8057809271975326419
632.2251411671159519522
633.5468582522517774842
635.5238003106054538105
637.3971931598373071737
637.9255139808225810934
638.9279382668567701938
640.6947946688256676232
641.9454996657052945454
643.2788837813978893611
644.9905782297480025124
646.3481915955015920339
647.7617530042888837938
648.7864008887824407711
650.1975193452564590833
650.6686838913959825306
653.6495716053946919021
654.3019205863193422755
655.709463022355636316
656.9640845994606174229
658.1756144186053997449
659.6638459729641078312
660.7167325952792700522
662.2965864311004106444
664.2446046522730134499
665.3427630955990405428
666.5151477041729605488
667.1484948945554299411
668.9758488202351314062
670.3235852058625840344
672.4581835841697341814
673.0435782861476457701
674.3558978101231678962
676.1396743636267482032
677.2301806687639732479
677.8004447462213349189
679.7421978825282177195
681.8949915331518891095
682.6027350197505454875
684.0135498138695052362
684.9726298620984525457
686.1632235877279496035
687.9615431847036484828
689.3689413622723684233
690.4747350323503976939
692.4516844155208488498
693.1769700606018248456
694.5339086998731400156
695.7263359209267301678
696.6260699003456149709
699.1320954760135067108
700.296739132143494568
701.3017429546461556852
702.2273431457605001194
704.0338392955253093227
705.1258139546192276669
706.1846547995179190258
708.2690708851098999953
709.229588570284300709
711.1302741796854315655
711.9002899143753120389
712.7493834701012902546
714.0827718206693930769
716.1123964540521101482
717.4825697031001907144
718.7427865454858939884
719.6971009883656651327
721.3511622185364171284
722.2775049756742373404
723.8458210451284155117
724.5626138903790795922
727.0564032300493816176
728.4054815889340600347
728.7587497956142685661
730.4164821227564347099
731.4173549185985250807
732.8180527144998492086
734.7896432523779942523
735.7654592085783210769
737.0529289122653080423
738.5804211713738225217
739.9095236740419440297
740.573807447295010515
741.7573355729416732759
743.8950131424736593816
745.3449895506118743256
746.4993058994323295096
747.6745636242695283596
748.2427544650845478685
750.6559503621242998668
750.9663810666508372685
752.8876215672023747495
754.3223704717126726851
755.8393089760378298728
756.7682484399509307201
758.1017292464125834115
758.9002382248923747674
760.2823669835120645319
762.7000332496910547281
763.593066172837222997
764.3075227241802217363
766.0875400998362053944
767.2184721555395140825
768.2814618065092308235
769.693407252624424325
771.0708393136783163212
772.9616175657570243378
774.1177446279405074021
775.04784709658050805
775.9997119631714424777
777.2997485295925648165
779.1570769491890040639
780.3489250041816705381
782.1376643908120947543
782.5979439460735398662
784.2888226124655014631
785.7390897007150518406
786.4611474505062774599
787.4684638159100383815
790.0590923641195642949
790.8316204679210350191
792.4277076086045268664
792.8886525626225880422
794.4837918698931644813
795.6065961561624126279
797.2634700380355849162
798.7075701662962113097
799.6543362108976327728
801.6042464629820559667
802.5419848784181496624
803.2430962042701941902
804.7622391126617639516
805.8616356670948028368
808.1518149359937473924
809.1977833633007103877
810.0818048864070998915
811.1843588465062603379
812.7711083891093427198
814.045913607510993502
814.870539625872567784
816.7277377143947163165
818.3806688663616765116
819.2046421708238626058
820.7218984438692874664
821.7134541333794018099
822.1977574934042771436
824.5262938716297481638
826.039287376574383548
826.9058109540807719797
828.3401743004899003705
829.437010968309333623
830.8958840533174007301
831.7997776590705830743
833.0036409091541995383
834.6519151478255758073
836.6935761875918671689
837.3473350595315147675
838.2490219927321458365
839.4653948102824755503
841.0363898290134237244
842.0413542065263713334
844.1661966073507688213
844.8059939757637268813
846.1947699276939977637
847.9717176395120066363
848.4892811809435238249
849.8622743486978262643
850.6454484660040923782
853.1631125833891553258
854.09551171986905862
855.2867102444049363482
856.484117490791662854
857.310740602603826033
858.9040264664756944128
860.4106708960146707516
861.171098212715337606
863.1897197719089342361
864.3408239300695408557
865.5946643265159653951
866.423739904042641463
867.6931226117850062388
868.6704942291315966678
870.8469023257540162058
872.1887508216132077559
873.0989789712819814983
873.9083892353375304396
875.9852851087803223744
876.6008258330274423972
877.654698341033475144
879.3809519697909824565
880.834648847939390283
882.3866966271964612524
883.4303318387016456846
884.1987431145947269604
885.2723044796171270512
886.852801962916298372
888.4755666738171947737
889.7352942940907370974
890.8131321125280636862
892.3864332601558693417
893.1191175672942583362
894.8862923208687161422
895.3979196747829650554
896.6322515562027200335
899.2215226683834193901
899.8588846079374834443
900.8497398605213961178
902.2432075867522884616
903.0996744426304549467
904.7029027222813207743
905.8299407582222094048
907.6567294689675253116
908.3335436450609252807
910.1863340571798425654
911.2349514859555040926
912.3310456000355872488
912.823999246743395378
914.7300969583756133384
916.3550008086427658914
917.8253775704267830265
918.8365352435290295712
919.4483444396823047818
921.1563955071548533674
922.5006293066367702662
923.2857198024222426739
924.7734839334766644162
926.5515527846030289416
927.8508589857535941479
928.6636593289348922888
929.8740928506477547771
931.0092113366280729543
931.8527407455200799217
934.3853068372584647544
934.9954248638464596176
936.2286493792829272137
937.5329257119703812729
939.0243008992183821842
939.6609406145281659856
941.1569996420423726078
942.0523416433754978744
944.188035809572744512
945.3335625030459461415
946.7658422047278511567
947.0791830962548779651
948.3466462550449671666
950.1516126846438408647
951.0332487338235099745
952.7279886198506260847
954.1297192695514153368
954.8293089382166371195
956.6754793432897960231
957.5100525964237224677
958.41459339013618097
959.459168807068112561
961.6695724741927533427
963.1820866713114469971
963.5670401916122706719
965.0555796237511162249
966.1107548184102040187
967.3711537662628543152
968.6363019060873264081
970.1256105569411754792
971.0714914863857279403
973.1853612943011942216
973.8730789926535971942
974.7746350658374298753
976.1785024205896093442
976.9172021170506220214
978.766671535112974454
980.5780006397744180613
981.2886153017589694594
982.3964851687789784014
983.5750760064313287555
985.1869286557734357695
986.1305151101845266494
986.7560084076560356218
988.9926223706574066074
990.223917804027972363
991.3742941477615054319
992.7286963367326594436
993.2145809574429537075
994.4045905710944919
996.2053361642982864835
997.511934751939229211
998.8275471369296331305
999.7915715574129404632
1001.349482637782737122
1002.404305488391711308
1003.267808179453248258
1004.675044121172894226
1005.543420304378364197
1008.006704307063646198
1008.795709900742282346
1009.806590746964629457
1010.569757011061075899
1012.410042515761596843
1013.058638098408985073
1014.689632622370404688
1016.06017894264737813
1017.26640236435540667
1018.605572518620154951
1019.912439743944038362
1020.917475017263678316
1021.544344499904651907
1022.885270911716347826
1025.265724197727696367
1025.707944371462889238
1027.467693515587770273
1028.128964255497517878
1029.227297443961366731
1030.897368790596523561
1031.833180297407762541
1032.812883035158851461
1034.612915529520810066
1036.195917358054740254
1037.024707646281749751
1038.087752240618836437
1039.077401436896688727
1040.264037937695760831
1041.621528014542274155
1043.62395434962149387
1044.514975829078768115
1045.107042352977911391
1047.089817484294784221
1047.987147489600471131
1048.953785194685961633
1049.996284256593219756
1051.576571843205195796
1053.245785158385757626
1054.781039478281349907
1055.002146475685736209
1056.688847363828229858
1057.100043659617783603
1059.133769106897146229
1060.139518561607819097
1061.501304465068420063
1062.915381507880563602
1064.071551071718540425
1065.121855106293055479
1066.463223469242981944
1067.418860120964558059
1067.990000079042625468
1070.535041996829262809
1071.618623215089537905
1072.543998011121555349
1073.570353165093725438
1074.747771044310998579
1076.266625594177409865
1076.924056065754446888
1078.647198480956364694
1079.809965429259069214
1081.171002343467803785
1082.952749723069668661
1083.295466514085606768
1084.183264310430216143
1085.647831208639340712
1086.911998989825093116
1088.755724674808801472
1089.795337924074774958
1090.863191026248860785
1091.728472966936828999
1093.440873272368634681
1094.284457523754159836
1095.43308475866147869
1096.401917794742528502
1098.841015466649861787
1099.360667178571795595
1100.574460622462563219
1101.839111168756013405
1102.551779899917722747
1103.732297174546935848
1105.617188830762071517
1106.774371675832775101
1107.774531955010136933
1109.158918856766451888
1110.444142993613205803
1111.443504764899896587
1112.432995408076444581
1113.397595114801993514
1115.065359461566605677
1116.787253881214524191
1117.965919669199670945
1118.684134861018390904
1119.473247426178982902
1121.155937675810569905
1122.458621356880512254
1123.101117387809200167
1125.31472939784647008
1125.763442429252559466
1127.658023527215719231
1128.430224613892711372
1129.728996777065562175
1130.391597896231670832
1131.495085561917043222
1133.708625669456235851
1134.885654591533196431
1135.562213975477545957
1136.929293480969529785
1138.151589779805540729
1138.992341820493635894
1140.721848171903359753
1141.26102296413675833
1142.858659607856481118
1144.782299518625341877
1145.485327517117106808
1146.576814924866953406
1147.501776523319316091
1148.615277208834019004
1149.982601028107097665
1151.562814723673218149
1152.943128530589795952
1153.890303716271268027
1154.697519535382382913
1156.621567833872543411
1157.432314575610906333
1158.001609027294966145
1159.480657019022297309
1161.396644634378091498
1162.487528602005427804
1163.701031682778615588
1164.737586351227609935
1165.271227706457693606
1166.943613409528712677
1168.086271610138794298
1169.698356884884906186
1170.463638578283666041
1172.120681865695599846
1173.305687764048358727
1174.232766856456302652
1175.215452395950775247
1176.632875809788458633
1177.106304421656146949
1179.701223501933898033
1180.653543787084385331
1181.267318151680018959
1182.58227034692039044
1183.71277529597431535
1185.155842847465792283
1185.875358695356620013
1187.345161493267309956
1188.856444298229306789
1189.963636497918443344
1191.482605926413470865
1192.218611478101545078
1193.324021427455080275
1193.857427135436991966
1196.034671748671062232
1197.071786658821966804
1198.686569104630566476
1199.356513707893968132
1200.53269203121991431
1201.810334856606049786
1203.137350861425479453
1203.855247594097002027
1204.985492171466410716
1206.870499793853068292
1208.471459949531031463
1208.989484167939025677
1209.898030087545955753
1211.41611589279812306
1212.113153066319792624
1213.598372680368218485
1215.38997506504563427
1216.183722033467416724
1217.17448249773891904
1219.050028177406163509
1219.61447131085848431
1220.816347690978131431
1221.692242483143733212
1222.952484095108358243
1225.018330024168539197
1225.855020760795715397
1227.231827641490931924
1227.917141614400044406
1228.793154362981171769
1230.58460315424927572
1231.562273877645398165
1232.529587040597895551
1234.277816653431788049
1235.502548526520997319
1236.399017465778995865
1237.977298513581145513
1238.457232795661807116
1239.490807146795754278
1240.813471785216266892
1243.078076398021118882
1243.53814652611425998
1244.851433966983858565
1245.655866188147822479
1247.372561969855643916
1248.063061053208198685
1249.159887953002983341
1250.672397275678117155
1251.65983200427122118
1253.673577852107102018
1254.431328421773449369
1255.408230645290734638
1256.181214198460866068
1257.541219412644114427
1258.779233488595053191
1260.344548316185519868
1261.611717161479839904
1262.556614000356224343
1263.67673284386179333
1264.957223006999789288
1266.179037760562062243
1267.20034561184548922
1267.570571779440223459
1270.118921886492603925
1271.1342996316099914
1272.083959599332897423
1273.261144633455752814
1274.196220889480358828
1275.092030315840457782
1276.842171555569794686
1277.763091986346820921
1279.332843316708251394
1280.155794409022930467
1281.828726959699933929
1283.000491386699676608
1283.3350321388792806
1284.85479515462165784
1285.695023331138592775
1287.410026617075316132
1289.165351532773061481
1290.10477151980733789
1290.417708073042503663
1291.9458709680831984
1293.493981557417445062
1294.118474377848352386
1295.365363505358250255
1296.801110992347291502
1298.256527067889529432
1299.405171250743978398
1300.490018982447638393
1301.495516680575058356
1302.346742379246917921
1303.273200228794143469
1305.401672188004384663
1306.508393312968836972
1307.267242107802427098
1308.988196517643387242
1309.421532493255966674
1311.056570511111896664
1311.966940608049354869
1313.031599369019664552
1314.052565651726166193
1316.21211260285404978
1317.072986034829955001
1318.171279132165052549
1318.947880596566338336
1319.931082877536473052
1321.628138551912418057
1322.258067123391157945
1324.224978718844330913
1325.237624358982335353
1325.981969630446281223
1327.63528110845744964
1329.04351799651860124
1329.205018785483634848
1330.429937120459263183
1331.827591385285217524
1333.673522610284933271
1334.74732905168977653
1335.694974526002066589
1336.690184653385871054
1337.688791809669949603
1338.923164598670349829
1340.42640045730017579
1341.166272252926387072
1342.608507883776861328
1344.156044003595790998
1345.477106261398714427
1345.731413255418407759
1347.519471750899911107
1348.017238018736410092
1349.085194014047657981
1351.29620637409671801
1352.210465159175538379
1353.483338358264576554
1353.886781971696227684
1355.680595320636491887
1356.60565570980795392
1357.771742828579464072
1358.460160399159026437
1360.393144762191152312
1361.393074713639681699
1363.022328603280756839
1363.879190797134472438
1364.576584896753972641
1365.493733551295247265
1367.10409097000823088
1368.330193307985894895
1369.686949077342916601
1370.973522767783644046
1371.686553552827391129
1373.202914562373382103
1374.154798658640645627
1375.302392344748902155
1376.161779993619352039
1377.177633642104626322
1379.683283028612926386
1380.148578441692403064
1381.073977149205634871
1382.345662978473679888
1383.297591007946474903
1384.444415847760082973
1385.663777011192686439
1387.326647663489530606
1387.921454127112797023
1389.565831798393937195
1390.705490286427665122
1391.853200443269755385
1392.644027788548648256
1393.433401740793665026
1394.884184675680354479
1396.54416312368250177
1397.834623321387224279
1398.837675201385865234
1399.839472941206481467
1400.426946297394298261
1402.564347250065993817
1402.97374764091920805
1404.006292170522757129
1405.666975059246875092
1407.085142776436486841
1408.136307496189550755
1409.32068107983895725
1410.024810725802225833
1411.25705681570662386
1411.965653461773004284
1413.843148788568852999
1415.585784795495351209
1415.781581303282910083
1417.102822933822614756
1418.696963852452165675
1419.422480945995686466
1420.416526323751136034
1421.850567187048653911
1422.461310987507366496
1424.463045669579022247
1425.873469244996591079
1426.64597968212003938
1427.365671109426682029
1428.592305875978768706
1429.650477276191545765
1431.218313672751658422
1432.049740893313600727
1433.821940737065160513
1434.584942168260123966
1435.692907383419277384
1437.226721623801248684
1438.006284841722401518
1438.949552746882798976
1439.622793078163983974
1441.960987504861836181
1442.911059580896858868
1444.041930706366562243
1445.072278459201045744
1445.830084779710020783
1447.226227099975794392
1448.323853515725453518
1449.488771280731257903
1450.77356185829733009
1451.835297999393383264
1453.737596757102226255
1454.226011260226279618
1455.312091239819668355
1456.167797608387255558
1457.53900166841123044
1458.393777368687248897
1460.688270535419103886
1461.24544334515995593
1462.266123265787259538
1463.286891190427541263
1464.696903297876409962
1465.889557614085268159
1466.505621107887723369
1467.703989586071013402
1469.347649878269645799
1470.9665891271649672
1471.388764527106594516
1473.020132324185711144
1473.745649185746533474
1474.203221565698878786
1476.092127038240920703
1477.435191147500117405
1478.441395973412948585
1479.759918706490077675
1480.76687901798225768
1481.964684209802309576
1483.03295995807148065
1484.143580881755407775
1484.817883231203726577
1486.171349027557139928
1488.116337976228270527
1489.252466946430123072
1489.970892204678885759
1490.670693814603265611
1492.180090544016411449
1493.330835421270217761
1494.155368613688803743
1495.76883297894173164
1497.065505571710063708
1497.747360933121155703
1499.640824746619819727
1500.351951516603164877
1501.119324922131586755
1502.346063292399062925
1503.090933126680493369
1505.261529654671910927
1506.152986138113179315
1507.40750516383032228
1508.253031029542275305
1509.28041936322324329
1510.391797446473538038
1511.923005459002111188
1512.589764705458127803
1513.589765539918677587
1515.708343586873929897
1516.435989718758455005
1517.719806254130186785
1518.41479148725369107
1519.741009493906820863
1520.27362222035615427
1521.901909065460911395
1523.486047149258880137
1524.72489216062218699
1525.227837233791800071
1526.552311910387456833
1528.04093042929757216
1529.034456728701310628
1529.369975365194524166
1531.020742970222322576
1532.222326939392069529
1533.886977913201592097
1535.042277471206664585
1535.769502395248204328
1536.620701824029871898
1537.651062167944922465
1539.302854855583229428
1540.030270139506368974
1541.742248762789003494
1542.496522922766279605
1544.118670054520289895
1544.83460822751948011
1546.091197786313297886
1547.297581121406901368
1547.806563801857567812
1548.871348178725372884
1551.273845326404526568
1552.006872837670069397
1552.73610532980385513
1554.156519109657777789
1554.921285164991869749
1556.162987497552752346
1557.394507017690490988
1558.339152852351962786
1559.781154390710235255
1560.87647577780945214
1562.410153180194439681
1563.385400958495537268
1564.177940460431674821
1564.91578826226013593
1566.266415601551516737
1567.623450717218105457
1569.022477804374074529
1570.50927786692083775
1571.045381485538185057
1571.845352088045338365
1573.806563330271403835
1574.230915429863777755
1575.638154952016551704
1576.161352363424377561
1578.118826945782786075
1579.514055067740677248
1580.372081625471549375
1581.363551773001820393
1582.329486944147176257
1583.394693435421748433
1584.234848066376210518
1586.293210750337776066
1587.004342107041149829
1588.163404028904790148
1589.357945949557727776
1590.835904321394104771
1591.293884373572356231
1592.637167039234918473
1593.584808188861926335
1594.442689655690523962
1596.484492409654675247
1597.715895944423128646
1598.420798549670449746
1599.619348950462806911
1600.048044903407311118
1601.911946228582195319
1602.815404793726602518
1603.655202996124079668
1605.521646646623348704
1606.293418126574223499
1607.556905211982879541
1608.836295305010015548
1610.00326419003794431
1610.253823162574488808
1611.437141269554780419
1613.078855451027423514
1614.71062785216149174
1615.57460871897200876
1616.398394841583644177
1617.734684840985208561
1618.537517831977547528
1619.952501261128849053
1620.774310821388562419
1622.098751698022960735
1622.977767699475580047
1625.02185665796278985
1625.987020163621172242
1626.39991931163555192
1627.755441276315744955
1628.715316856763230192
1629.658668954947761463
1631.194814551515752983
1632.798183570708816966
1633.512516889737263158
1634.516822662067080706
1635.718366326213799526
1637.089190173370945876
1637.994643586012752332
1638.599658304213882696
1639.821235729830195521
1641.899819008504577039
1642.489779822378073057
1644.152065959737679197
1644.713745774667882876
1645.573760362766078582
1646.624866593178890766
1648.270598222531697808
1649.118535409240123292
1650.41698898304838115
1651.732693341395981037
1652.671065899601207082
1654.205896759371166943
1654.726652393321786382
1655.822775676771767318
1657.114236399763082354
1657.567101179321441113
1660.019980337998945424
1660.860056833300810301
1661.836892884096688305
1662.377202549280083467
1664.057265418110030617
1664.968004486365083807
1665.877640414486212331
1667.241125051711277139
1668.368229327401862652
1669.66972845239920915
1671.047182433303181979
1671.984259333726273942
1672.963370830781056598
1673.687445333905250511
1674.648462097009754796
1676.362486323950475217
1677.691227141526503619
1678.630368091063650393
1680.07794671680949444
1680.504770112847052081
1681.812320174266013361
1683.27328926066677047
1684.171656837064291579
1684.558863252537241861
1686.421121947838197593
1688.080142693176588437
1688.933868509784624057
1689.703154256179788866
1691.051559916893075945
1691.515192892035152299
1693.053020930197146867
1694.017564652607856867
1695.832554474187265513
1696.654997439785656349
1697.342514286564009349
1699.229547187643018793
1699.966817266863858564
1700.820303245006238733
1701.825550997047417234
1702.923249764490519399
1704.291412426679760281
1706.256032431560377055
1706.61566503502601247
1707.912312493324514939
1708.512116178403088251
1709.780842298580484923
1711.137603258592841273
1712.155397654322368843
1713.055341727513109629
1714.717145255494530381
1715.825283039820567836
1716.769983717394902744
1717.974485066158528153
1718.954152498583751996
1719.72446932183103511
1720.49807094758653181
1722.844661739915648826
1723.532822631259873601
1724.733958737658224912
1725.638628019973830653
1726.605700739885404463
1728.166506760965425041
1728.644486480371988397
1730.023872544779144423
1731.014193761857181783
1732.430169859256836542
1733.840825021430013404
1735.17546602110109834
1735.624715342870632328
1736.305662733237988887
1737.893884786928548284
1738.783237588816054261
1740.169115680140548587
1741.779167808727257289
1742.467680720782010199
1743.426436858721626522
1744.721511937699789777
1746.097498595632694981
1746.595456627128205572
1747.781695527752417748
1748.563987381080216828
1750.822818489839100497
1751.617794946251114837
1752.511511140665935993
1753.661355243139538152
1754.763369874252878074
1755.169694068142685183
1757.046518460723108433
1757.984077032818179991
1759.240085646681894957
1760.215166242762324185
1761.85489993872807038
1762.497688870660621631
1763.719121496287047264
1764.591476849091958355
1765.400493991783835728
1766.676243599477873545
1768.295971136341381199
1769.940952051635838334
1770.243677312197348193
1771.212944983546526726
1772.328000363591359308
1773.894915510703461812
1774.660430990023590108
1775.341987573747291027
1777.255860224057987063
1778.041734762249298117
1779.552270809178961607
1780.665228492998657233
1781.355637722819562972
1782.439067320020181452
1783.084829519946484711
1784.607946396612664869
1786.342201179342528821
1787.04927308681626639
1788.215123479632823248
1789.242179963684720141
1790.449562369783540466
1791.254409818795450149
1792.616102735198182736
1793.525390652409514822
1794.178482007255591199
1796.465140537430813751
1797.376335671136769856
1798.147067458075746927
1799.2316472097374004
1800.024724019739154568
1801.309636945287992131
1802.301283491450569859
1803.796843813365957725
1804.904160974812015448
1806.289667019497781635
1806.578391750963925581
1808.714431865474890357
1809.119273788287333096
1810.108892987985804547
1810.873719158854715653
1812.420077002105519027
1814.024140347615513424
1814.973082363495849026
1816.338611219674637288
1816.758023365350853184
1817.710608563342472648
1819.260334099488250564
1820.187882186811219184
1821.30570836520390906
1822.427671440302586929
1823.766265895773287956
1825.213676893013383354
1825.915683614928409365
1826.795455271492655558
1828.211270499973141934
1828.621091758031140728
1829.832529709939702046
1831.936379901815210814
1832.984940243731554248
1833.273239032730321521
1834.721559748608499026
1835.883754437692548567
1836.827672515957489641
1838.086943305644553436
1838.640288707650741071
1840.195563473357363107
1841.478582570643394257
1842.875955278667221446
1843.771057743069120457
1844.759043650095888927
1845.417534146424529185
1846.353253420516416602
1848.330980622383731433
1848.722760910890866404
1850.60118404765146366
1851.400361994589779204
1852.342204733386277236
1853.519342920989503778
1854.85563211598672777
1855.592934937055467318
1856.389179153523854468
1857.49807481488018603
1859.495271568794459978
1860.541388109336813481
1861.379671547232853463
1862.121464928944214882
1863.425464845096486007
1864.353981335746251376
1865.367433794057890106
1866.83654701860819134
1868.085190998609224366
1868.70674568440811752
1870.421471768310790152
1871.416043098407145326
1872.441566428192717589
1872.86566763796768001
1874.508361412660135338
1874.913774010039541469
1877.095064167339774612
1878.022251482753471099
1879.153303090461328572
1880.082325418994379763
1880.611766479656867414
1882.321974797384684058
1883.408724269518366031
1884.005778349667142357
1885.198075130258122876
1887.053894806890124232
1887.808841416832129527
1888.938182636579455
1890.348128614244545597
1890.612128587933260931
1891.678510539728787851
1892.867701335791115341
1894.558537572429687187
1895.697155653584563297
1896.585494347168901175
1897.513692859711974094
1898.82937281867948211
1900.006144829143996611
1900.571884272414833832
1901.891305750600065081
1902.805059206680062983
1904.089325323351742089
1906.102756198181956502
1906.597678003766215394
1907.332780123909926346
1908.43306304505175223
1909.465930025982380254
1910.733659615891596478
1911.704690943172158628
1913.182489775883076814
1914.352300051674052677
1915.054629333347218571
1916.60637183951935379
1917.344704041566345523
1918.786498909856788987
1919.207778397805238264
1919.937457371217203897
1922.101625621993703442
1923.280837936417442058
1924.05583110144084952
1925.231987975406529412
1926.211583079894078458
1926.820092794871576745
1928.417518549519447859
1929.487560180576489987
1930.258387180387325797
1931.760069436524614011
1932.875754549946917779
1934.416436369151903416
1934.90794343436569751
1935.924848803745694845
1936.873093814278902387
1937.96863349801995772
1939.050029150544125717
1940.977326705859935993
1941.822862215780232951
1942.633568692246150915
1943.367947449252749107
1945.153796306367959584
1945.922716949483327186
1946.609945361877410311
1947.91704773770360408
1949.030030073606550737
1950.743201552863158598
1951.536695873054910398
1952.850129211865753276
1953.448556325135770053
1954.41858817521411679
1955.315809283718388686
1956.848164578215508555
1958.314403555120358565
1958.851883463194813846
1960.418845269381796765
1961.359277880014379508
1962.233571848579798073
1963.621184573202069079
1964.35739093809559721
1965.37782950510385703
1966.117658574074526474
1968.471602019420441853
1969.047617546527828615
1970.305009517033761407
1970.855547579945944309
1971.97031280481138664
1973.182663405938679692
1974.347201910120085259
1975.080610302266993556
1977.173943698039879018
1977.271446199746510742
1978.801448167731529632
1980.371772287051336927
1980.910043091024233255
1981.74876889726348374
1982.663279195276514024
1983.923804622260659671
1985.416540174526740222
1986.757107716415197971
1987.873473360724317379
1988.251876807355766021
1989.702002708021618926
1990.478352526426991647
1992.001706393527902715
1992.784987875157572782
1993.577493138259984639
1995.168739611888537748
1996.796176966188206905
1997.390914059611449312
1998.279006925984822422
1999.545764176267588904
2000.434515302432246777
2000.929620689184555144
2002.896408374361740688
2004.139669233270134959
2005.077848124098759131
2005.900934885785710899
2007.125180170301125895
2008.418240330262271679
2009.176634122949589834
2010.153324767559326408
2011.020705073650057571
2012.538935477421745332
2013.872097713990826265
2015.18672860870628291
2016.029638032375393523
2016.800075655845732538
2017.386767251961558011
2019.264600216064099761
2019.884367139755293054
2021.196042768892788024
2022.54561768468826603
2023.572911777100747848
2024.488262157951250297
2025.87890620248156099
2026.738258912152097654
2027.573317055997542412
2028.582459354039951632
2029.385479550966647379
2031.750550690618736964
2032.420780856286430225
2033.01789274566981581
2034.554828788956165087
2035.077440096304077976
2036.527526483370326717
2037.217111094340891563
2038.841738250867750156
2039.44321874010445185
2040.839119673138223888
2042.344586250604208898
2043.217116563323964479
2044.121593291667495425
2045.037320859814820925
2045.802760431561935428
2047.098336345607132275
2048.454094066161112393
2049.847525605716069264
2050.906055384684548381
2051.718388196256319162
2052.407790192401017867
2054.059916898485734258
2055.180267326166661283
2055.572602899048872179
2056.62086668989377929
2058.450651118906136128
2059.448021743771458967
2060.868247208107968376
2061.367059202031889721
2062.572650919978394092
2063.283559498380763149
2064.304867699634148083
2065.832672281911464708
2066.985229377985287351
2068.345638527370094716
2068.669941082812694162
2070.504717593445975155
2071.37708316975859645
2071.9904548147607871
2073.397603715768406627
2074.171064902152487264
2075.028065544832156633
2077.117570136877207022
2078.155484639214284076
2078.939288114876902369
2079.567628461893227357
2080.910343457561287922
2081.799686563577146136
2083.300276858827975711
2083.779992550167397584
2085.389813692285986676
2086.580318534381421522
2087.473340987858016348
2088.712281198732581189
2090.036206757016941574
2090.447550027415866938
2091.221580661131263637
2092.473218110071891742
2094.335917468631955155
2095.138256660294823669
2096.346529979252588529
2097.371606357192894539
2097.951922199887039635
2099.311651265061347464
2100.593745236861240664
2101.135489459108414918
2102.535100215297700958
2103.390454808714039349
2105.372206591799897773
2105.994704339286241677
2107.17236243244334147
2107.617911407514327794
2108.938384889015335598
2109.963143181267582022
2110.822371848131822017
2112.907087523190777714
2113.483966448430801285
2114.396137325889992386
2115.506602794684114454
2116.900056068394727574
2117.722399441362978079
2118.618646217029262713
2119.456428468939276684
2120.691562591843950543
2122.465151174928362416
2123.344042303462499325
2124.3703687375688782
2125.512400029151939222
2125.958784840373305395
2126.975711192557988963
2128.752290554262836645
2129.406080228328442998
2130.555102283235916685
2132.080620992942643171
2132.798516467884154645
2134.154933985037924172
2134.950772504315672129
2136.086897524703213712
2136.967470548471870359
2137.509940525910913576
2139.380759985201107577
2140.949362639097040588
2141.710035960389950355
2142.355043196035385268
2143.374444180537885595
2144.895337431360428693
2145.50575373418082404
2146.625894475511517827
2147.785367345630833855
2149.151849382889221886
2149.910639858102119005
2151.776885116465025948
2152.390226596919655112
2153.011964165386528639
2154.263623952320336029
2154.935345848225473123
2156.394727255681689229
2157.856489565353127032
2158.878072291083204488
2159.902286017170492481
2160.853062328184191261
2161.692172189209531651
2163.107122285732380343
2164.049720356357350274
2165.011437174314295775
2165.503949023375744211
2167.693444254746848034
2168.890615851853982383
2169.263829283364955072
2170.787074973015736612
2171.396361926494691626
2172.250962827516326407
2173.528296969316612154
2174.745020803476645527
2176.204119466215638373
2176.939451698977405984
2178.004209154761124387
2179.232185029747187484
2180.495318259278780744
2181.252367010681768361
2181.725783029819561813
2183.330584017279937627
2184.103190760680534925
2185.965528320683109004
2187.085690959372521089
2187.798455877827899041
2188.558763203088543232
2189.497072902605391629
2191.09336304574927565
2191.778017400507988689
2192.826770539861208747
2194.231530050449700562
2195.231687681255784974
2196.715977666758543541
2197.258747040205904491
2198.687512684367522334
2199.30296532096958361
2200.351020913263048427
2200.915953025551824505
2203.277453730646011342
2203.906364583773548147
2204.997801754830107949
2205.855761245543920529
2207.172161914952220289
2207.802741336736954731
2209.153744400263258074
2210.208014989250364449
2210.850941099296166739
2212.34356840003640435
2213.700256248436090459
2214.949925632092495773
2215.820565690645555033
2216.296375887645193429
2217.469375116225193433
2218.521006913395296269
2219.79981569836106179
2220.852158848914182608
2222.636604588097467857
2223.055057918810407973
2223.777772507214529979
2225.564645117169426005
2226.332734405575587133
2227.246229376595376532
2227.97057388225630938
2229.127958910123303939
2230.898690856217248629
2231.977154074073314006
2232.924853868966181778
2233.720222250312906191
2234.814934531326900014
2235.546662135600063189
2236.773643845099835781
2238.154799519297615397
2239.167743960236659464
2240.021209470471096399
2241.536186523766402052
2242.621180159379481081
2243.373668418961998536
2244.370701700430338609
2245.565286531271342235
2246.016558178285626968
2247.364431251229392022
2249.550198573537092658
2249.770766552723961276
2251.046641941553166316
2251.845318338693399358
2252.678432673838856581
2254.562246994389553108
2254.759079001303995297
2255.824565571536941238
2257.346384683132800661
2258.501847291145838169
2259.517842057384273983
2260.890259416800265121
2261.660064449481099011
2262.674430648209799539
2262.87830538116111223
2264.676399705770246638
2265.768446115469447789
2267.384501067544035832
2267.879175337166069874
2269.226998261609550659
2269.919103216838346848
2271.326282468066381371
2272.04901570123765846
2273.347534053164474275
2273.956289145943056056
2275.06866477597133351
2277.079317756623523063
2278.012628393305380981
2278.525942155784191747
2279.507305841119493755
2280.87071985258620926
2281.35648361454629359
2282.690375137647892349
2284.056011459351377862
2285.222242364866503875
2286.149814140564054169
2287.046158671010604166
2288.57884944576462637
2289.336284710134150107
2290.24145821085573125
2291.097663612112011933
2291.92890125249055718
2293.896145106086756681
2294.68791841171431144
2296.115091188330346115
2296.998522472515126634
2297.372647579809593949
2298.612363365660205667
2299.961577620089686755
2301.234125798830902958
2301.454840351728464479
2303.295481982573223045
2304.305138670374533597
2305.508356788681968575
2306.517733070003535106
2307.355553370478083134
2308.210284634764679013
2309.370358239529117023
2309.931122384183622925
2312.047996449610743573
2313.190914170747899328
2313.689359967223960408
2314.621182113594161877
2316.049454719988829155
2316.962494504840772512
2317.851531864277040303
2318.82603533643014836
2320.088523204027257646
2320.949531628659605165
2322.812632606693334257
2323.534274240766059715
2324.512455232258388955
2325.557096491765453918
2325.903015927513107748
2327.376855819699561061
2328.634875101168609268
2329.705723406449555691
2331.013110289572893027
2331.942707806402767834
2332.987765432775017684
2333.720863373782282748
2335.531712574450956362
2335.867153805649781364
2336.62103678623872134
2337.761730158820696863
2339.615683895982620197
2340.826726706644481425
2341.324596186215486662
2342.654041658469263809
2343.259158955008860153
2344.311216236151757825
2345.570483634473816646
2346.464119529787811114
2347.934254641723674406
2348.843423633455680125
2349.730054257837876706
2351.455046927851231855
2352.19570150253646459
2352.750870075454590985
2353.912135852353059298
2354.951081235008184082
2355.810813978290615356
2357.608315920247485789
2358.904705198415579
2359.434859076439866835
2360.314285089526338652
2361.342541641932631563
2362.718317922921381033
2363.495617654118633868
2364.751176089117010111
2365.191515064131916565
2367.249219842959468478
2367.957701823155859105
2369.220577767399032026
2370.093390284232169389
2371.10074792972167349
2371.938137794610108151
2372.44034726005584374
2374.444230717816650289
2375.5439670373722489
2376.355463515560189748
2377.755407914012799016
2378.212961679662157316
2379.726502949965822242
2380.545657218736259307
2381.500123710437529731
2382.530830566366402182
2383.35601391598086947
2384.965071641182469726
2386.43093710950389029
2387.299084122336514758
2387.813568556078037287
2388.748207635493176416
2389.955988113666157005
2391.260549872403399479
2391.754982336622772778
2393.630593291699855332
2394.485367856046494016
2395.270169994647092172
2396.603878762616071582
2397.791643761773763503
2398.558311382532671158
2399.433832905785270122
2400.152356522131457195
2401.482998375771780651
2403.418798445345203892
2403.975315148967507494
2404.921593489769997569
2406.253988718289485261
2406.732851182109508444
2407.715910422269907279
2409.441502352419540345
2409.881602682879588254
2411.126193380777421369
2412.222935837284041671
2413.976123194983408606
2414.379879801270495871
2415.576893465994105812
2416.5340546277039393
2417.278087421772193109
2418.22944326735738746
2419.507917163071245463
2421.142943993328178887
2422.152084925109508781
2422.996230123486907861
2423.504146888716139414
2425.124760212556724475
2426.193437541668300474
2426.907064293753645128
2427.640896948592982256
2429.185595990256922491
2430.265812635944403069
2431.611135096253930384
2432.727569299254756631
2433.705896804703808934
2433.916873237684183016
2435.348894364694559702
2436.191600375091036395
2437.794076107826049842
2438.671790794044180201
2439.927127218672276059
2440.826160290635254748
2441.929836549998409528
2443.033560058185132332
2443.775436396199729327
2445.154381015220419422
2445.744952101154900371
2446.398523306110247606
2448.988312286035105355
2449.231032009292533393
2450.503650580108119103
2451.181708310084449221
2452.283365741213890626
2453.257485812084044868
2454.300561841789923493
2455.482288383525923953
2456.514551841288553331
2457.907999090218544684
2458.546799837128013408
2460.013579465506191498
2461.202295374506200046
2461.731628648041392697
2462.464294913853763629
2463.569667295016347844
2464.92781636122340856
2466.183097013192723406
2467.640860783779024698
2468.186816301115243238
2469.33626389249748923
2469.781485031524024309
2471.539297741996716949
2472.336417589482271067
2473.107124734645042195
2474.237849734393679511
2475.53935386100276677
2477.021755096104594157
2478.014854024809405242
2478.39759758312502044
2479.977351980870754122
2480.433606985092072928
2481.356767280358944597
2482.683411518715999232
2484.503238274744643366
2485.087590537419866511
2485.785620712392752241
2487.333836442726022067
2488.11383175419305438
2489.261157451637116743
2490.051090515746789809
2491.105516421820704818
2491.907473934292842645
2493.489295449123217228
2494.866177828255220973
2495.846840419501642755
2496.485336702823268246
2497.64846524660193455
2497.969973966752262397
2499.862042821255065686
2500.564386412317449341
2501.577744672433539464
2503.185227212086801643
2504.008933658583641176
2504.772152511212027926
2506.305351937307695662
2507.151885647675589172
2507.871039579743361975
2508.766046103826622409
2509.652997441379421694
2511.660189787186683655
2512.538220985202544809
2513.579517021464854595
2514.259859059773677907
2515.286482924712880038
